19/04-2020 1296 0 30357
20/04-2020 1439 0 31576
21/04-2020 1469 0 33191
22/04-2020 1500 0 35108
23/04-2020 1538 0 37231
24/04-2020 1629 0 39468
25/04-2020 1738 0 41723
26/04-2020 1850 0 43903
27/04-2020 1947 0 45961
28/04-2020 2036 0 48046
29/04-2020 2124 0 50355
30/04-2020 2214 0 53016
01/05-2020 2311 0 55895
02/05-2020 2414 0 58790
03/05-2020 2526 0 61499
04/05-2020 2642 0 63884
05/05-2020 2761 0 66066
06/05-2020 2873 0 68232
07/05-2020 2976 0 70523
08/05-2020 3075 0 72916
09/05-2020 3177 0 75344
10/05-2020 3291 0 77741
11/05-2020 3420 0 80063
12/05-2020 3557 0 82358
13/05-2020 3684 0 84698
14/05-2020 3793 0 87125
15/05-2020 3890 0 89578
16/05-2020 3983 0 91963
17/05-2020 4080 0 94191
18/05-2020 4190 0 96221
19/05-2020 4305 0 98223
20/05-2020 4413 0 100417
21/05-2020 4510 0 102942
22/05-2020 4594 0 105611
23/05-2020 4670 0 108154
24/05-2020 4742 0 110303
25/05-2020 4815 0 111887
26/05-2020 4886 0 113118
27/05-2020 4961 0 114306
28/05-2020 5036 0 115688
29/05-2020 5112 0 117219
30/05-2020 5191 0 118782
31/05-2020 5270 0 120260
01/06-2020 5347 0 121566
02/06-2020 5426 0 122734
03/06-2020 5502 0 123830
04/06-2020 5574 0 124901
05/06-2020 5643 0 125932
06/06-2020 5712 0 126895
07/06-2020 5779 0 127757
08/06-2020 5843 0 128502
09/06-2020 5907 0 129176
10/06-2020 5966 0 129837
11/06-2020 6019 0 130527
12/06-2020 6070 0 131230
13/06-2020 6121 0 131913
14/06-2020 6174 0 132542
15/06-2020 6233 0 133101
16/06-2020 6294 0 133630
17/06-2020 6354 0 134185
18/06-2020 6408 0 134804
19/06-2020 6458 0 135466
20/06-2020 6505 0 136131
21/06-2020 6549 0 136761
22/06-2020 6589 0 137336
23/06-2020 6628 0 137906
24/06-2020 6666 0 138539
25/06-2020 6700 0 139284
26/06-2020 6732 0 140103
27/06-2020 6763 0 140935
28/06-2020 6790 0 141723
29/06-2020 6811 0 142435
30/06-2020 6831 0 143160
01/07-2020 6850 0 144013
02/07-2020 6866 0 145068
03/07-2020 6884 0 146236
04/07-2020 6902 0 147381
05/07-2020 6922 0 148372
06/07-2020 6945 0 149130
07/07-2020 6970 0 149793
08/07-2020 6995 0 150554
09/07-2020 7020 0 151552
10/07-2020 7043 0 152716
11/07-2020 7065 0 153923
12/07-2020 7084 0 155048
13/07-2020 7098 0 156008
14/07-2020 7111 0 156891
15/07-2020 7124 0 157825
16/07-2020 7137 0 158907
17/07-2020 7153 0 160121
18/07-2020 7171 0 161418
19/07-2020 7189 0 162750
20/07-2020 7206 0 164068
21/07-2020 7224 0 165326
22/07-2020 7242 0 166476
